W0311: 36.7963666536
C0326: 13.4569195161
C0103: 11.7166688502
C0111: 5.9282064719
E0602: 3.09838857592
E0401: 2.51321018385
W0614: 2.44988864143
C0301: 2.31232804926
C0303: 2.30796104633
C0321: 2.03065636054
